10029
10030
1003335
10036
10044
10047
100756
10089
10090
10091
10096
1009714
10098
100989
10103
10116
101163
101187
101286
101291
101317
10141
10144
101596
10181
102211
10224
1026970
102803
1028682
1033177
103349
103480
103941
103944
104060
104259
1043007
104355
104688
1047171
104954
1051630
105351
106198
106556
1072389
1077530
1081927
108892
109174
1094619
109781
110107
110193
110218
1108046
1108849
111177
1120755
112509
112883
1143189
114476
115339
115422
116153
117024
1176036
118510
1186175
118700
118974
119829
1200835
120645
1211104
121160
121224
1220924
1221240
122909
1229662
1234705
1237896
124763
1260784
126767
126793
127021
127999
128077
12944
129470
129788
130081
130138
130704
13101
13216
132465
13249
13274
13288
13347
1336846
1337871
133901
13427
1343917
1343918
13443
1344414
1344416
13451
135722
13618
136217
13632
1365484
13676
13677
13686
137071
137221
13735
137888
13894
138955
1392255
140101
1403190
140968
141467
142615
142679
143350
144565
144766
145168
1457464
145753
145953
1491104
149628
152095
153609
15368
155299
156354
156870
156871
157295
157554
157652
1577145
157914
1590841
1593264
15957
159736
159942
160488
160621
161274
161573
161655
161934
162425
163134
164110
165200
165778
1661398
16719
167618
167935
168631
16922
169397
169758
169857
170187
171760
171929
172269
172552
1735992
173654
1744888
179355
179666
179874
180498
1805964
180675
180952
18101
181762
182058
182803
1840584
184540
184542
184545
184922
185217
185431
185447
1859699
186872
187148
187461
187623
1884235
1905032
190515
190902
191219
191427
192326
192414
192415
192750
192919
1940113
194601
196418
1973307
197464
1979465
199156
200320
200525
200597
2015173
201963
2024242
2034991
203543
203992
204045
204129
204285
2053141
2066572
2072580
2081491
208963
208964
210202
212266
2126942
213387
214684
215358
219594
219785
219812
221103
221162
221454
221570
222929
223283
223751
224308
226208
22663
226809
226900
227321
227722
228393
229533
23013
230192
230806
231512
23211
232299
232302
2338500
235443
237561
239355
239748
242054
242110
242507
242841
243232
243273
244443
246266
246409
246982
248308
248869
251391
251400
2517092
252530
252632
252780
2527855
254849
2565416
257327
257335
257347
258211
2587399
2587412
2592315
2593188
259368
2599738
2602932
264483
264951
2652724
2653441
267265
268413
2684170
268906
269635
2697470
2708
2711
271217
271848
2718978
272141
27300
27334
27337
27446
2747968
27543
2762
2769
27804
2782196
2784303
279730
280754
2822231
2836329
284590
284591
284593
284812
284813
28502
28509
28511
28513
28545
28565
28572
28576
286670
287
28737
288781
28909
28956
28957
28958
289672
28973
28995
2899558
29017
29018
29022
29029
2903
290576
291283
29154
29158
29159
294381
2946199
294747
294748
294750
296050
29719
29725
29729
29760
29780
29808
298137
298395
2986840
29892
29918
29924
29960
299683
299727
30069
30076
30195
30331
3037
3039
30457
30494
3055
3056146
306902
307796
307972
309130
31033
310659
311405
31165
3117
31199
312017
3122430
31229
31234
312531
31273
31286
313354
3148161
3148341
316287
317363
317381
318249
318829
319348
3197
321363
321614
3218
32201
322104
32278
324593
3252
32595
326986
329350
330879
3311
331117
33119
33125
33128
3316
33178
332648
3329
332952
3330
3332
3339
33394
334819
3349
3352
3353
336074
336722
3369
338210
339422
339787
3400313
3400809
3406
341663
341676
34245
34254
34256
342590
34305
343250
3435
34364
343691
34405
34407
3442
34457
344612
34553
34576
34607
34609
34610
34613
34621
34632
34647
34648
34649
3467
3469
34739
34771
3483
34839
3486
3490
3498
3501
35024
35128
351660
3527
353152
353153
3538
3555
35570
3559
35608
3562
35625
356346
35671
3570
3572
35883
35889
3589
35925
35933
35941
35974
361634
3617
36188
3627
36307
36329
3634
3635
36460
3649
3654
3656
3659
36596
36599
3661
3663
36650
3670
367110
3674
36749
367680
36774
36778
36779
368048
368049
3694
369515
36963
37000
3702
370292
3707
3708
3712
3713
3714
3715
372551
3726
373036
373101
37319
37335
3735
3747
3750
375434
37546
3755
375577
37565
3758
3760
37610
37690
37727
37738
379576
380704
380989
381128
3816
3818
3823
3824
38281
383679
3837
384075
3847
3858
38596
3860
3864
3866
3870
3871
3873
387623
3878
3879
3880
3884
3885
3886
38868
38869
3888
38881
38945
389514
390785
3909
3916
3917
39329
39333
39338
39350
39352
39367
394106
39414
39466
396334
39639
39682
396869
39708
3979
3981
3983
39855
3988
39946
39947
39984
4006
402676
403677
4039
4041
4043
4054
40559
4058
4060
40602
40697
4072
4073
4075
4081
4084
4087
4090
4092
409370
4096
4097
4100
4102
4103
41058
4112
4113
4120
412080
41210
41230
413071
4142
4146
41496
4151
4153
41689
41690
4182
419285
42064
4212
42156
42157
4220
4227
4232
4236
42426
425011
425177
425265
426428
42736
428381
429560
430902
431241
43137
431936
432359
432528
43335
43346
43558
43982
443222
44386
4442
446489
44656
44689
44745
4498
4513
451804
4530
45351
4536
45371
45385
4550
4558
45623
4565
4568
4577
457753
45831
458696
460024
4606
46245
46348
46385
4641
465486
4670
4673
46731
4679
4682
4690
47073
47427
47429
474922
47519
4754
47664
47721
47769
4784
4785
4786
4787
4792
48026
480358
48139
483148
48386
4839
4850
485572
486092
48703
4896
49011
4920
4922
49314
4932
49451
495387
4956
49666
497827
498019
498257
49827
49840
49992
500485
5005
50053
5017
50225
502779
502780
50344
5037
50426
50429
5044
50452
50459
50514
5054
5057
5059
5060
5061
5062
5074
5076
507601
5077
5079
5081
5082
508771
510516
510798
5111
51239
51240
5127
51338
51351
5141
51432
51453
515849
5188
519296
520031
5219
5270
52822
5286
52861
529024
5315
531920
5322
5327
5334
5341
5346
53602
5417
542674
54477
545124
5467
547193
5476
5477
5478
54796
5480
5482
54860
5499
55057
5507
55084
55183
55188
55190
5535
55423
55431
5544
5547
555479
55575
55588
556484
55670
55837
559292
559298
559305
559307
559515
5599
561169
5627
5656
5660
5661
5664
5665
56690
5671
56722
5689
5693
56992
5702
57059
57062
57155
57267
573729
573826
5741
57486
5755
5762
578454
578461
5802
5811
5821
58218
58228
5823
582867
5833
5835
5836
5837
5839
5843
58431
5849
5850
5874
587669
58824
58839
588669
5888
588858
5911
5940
595496
595528
59689
59729
59818
59899
60093
602072
60219
60698
60710
60712
6082
608512
6087
6100
610380
6110
6116
61198
6123
61235
61267
61428
6145
6182
6183
6192
6204
621823
6238
6239
6253
6269
6277
6279
6282
6283
6287
6289
62890
6306
6334
6339
63677
6396
6398
64040
64174
64182
6421
6431
644223
64459
64468
64518
6454
64660
647263
6492
6493
6500
6501
65032
6526
6536
65409
6549
6550
6551
655819
655827
6565
65693
660122
6610
66188
6622
662878
662907
663331
6637
66420
6645
66546
666126
6663
66636
6669
6680
6687
6689
6703
6723
6728
6737
6741
6755
6759
6761
67831
683695
684658
6850
6853
6858
6863
6871
6876
6878
6880
68825
6892
6904
6908
6918
6928
69319
6941
6943
694369
6945
6954
6956
696368
697321
6978
69820
6984
6990
70019
7004
7009
70109
70142
70226
7038
70448
7048
7054
7067
7070
7091
7102
7108
7109
7113
71139
7116
7130
7137
71412
71413
7153
71582
7159
7160
71610
7165
7167
716892
71721
7176
72011
7213
7217
7220
7221
7222
7224
7225
7227
7230
7234
7238
7240
72433
7244
7245
72491
72496
72550
7260
727944
72859
73239
73376
7370
7375
7385
7386
7425
7437
7441
74491
7453
7454
7460
7461
746128
74613
7469
74722
7487
7493
74940
749593
749675
7515
7536
756487
756488
75702
75873
759272
759273
7594
75988
76306
763407
763456
7648
7654
765876
76659
7668
76966
771870
7729
7739
7741
7757
7787
7788
77880
7797
7815
78168
7830
7849
78534
78579
78605
78630
78632
7868
7873
7886
7892
7897
79200
7924
79327
7936
7937
7955
7957
7962
79674
79730
79738
79782
7998
8010
8018
8019
8020
8022
8023
8030
80379
80836
8090
8127
8128
81572
82025
82316
82528
8255
8265
82927
8305
83131
8319
83332
83333
8345
8346
8348
8355
8364
8371
8376
83912
8393
8395
8400
8402
8404
8406
8407
8439
8496
8502
85310
85439
85552
858221
85962
85995
8613
8616
8618
8626
86381
863974
8642
8644
8649
8656
86630
8665
8668
8673
8692
8705
8706
8707
870730
8713
8714
8717
8718
8722
8724
8725
8726
8730
8732
8736
8742
8753
8765
8769
87757
880079
8801
88032
88036
88085
88086
88087
881871
8839
8844
88448
8845
88450
88728
88730
88771
889517
8932
89445
89462
9031
90312
90397
9091
9103
9135
91420
91432
92519
9258
9267
930089
93061
93154
93504
93608
93625
93699
93934
9402
94232
9430
94328
947166
9483
9490
9505
9521
9534
9541
9543
9544
9555
9595
9598
9600
9601
9606
9615
9669
9675
9685
9739
97415
97441
9796
9823
98334
98349
9838
98921
9913
9925
99287
9940
99571
99586
99806
9986
99929
